0 1.500000 1.500000
1 1.393939 0.167079
2 1.510791 0.134834
3 1.154122 0.078698
4 1.240185 0.062855
5 1.265152 0.051299
6 1.116848 0.048832
7 1.132812 0.040520
8 1.112595 0.039347
9 0.953985 0.034812
10 0.896249 0.033213
11 0.887381 0.030872
12 0.901950 0.028541
13 0.866509 0.025369
14 0.840089 0.024205
15 0.807579 0.022031
16 0.755548 0.020484
17 0.710445 0.017834
18 0.687534 0.017544
19 0.672327 0.016169
20 0.665208 0.015726
21 0.642623 0.014811
22 0.630431 0.014124
23 0.596112 0.012859
24 0.587037 0.012829
25 0.553383 0.011599
26 0.543932 0.011575
27 0.526429 0.010747
28 0.519485 0.010621
29 0.476875 0.009551
30 0.466681 0.009468
31 0.458101 0.008976
32 0.443263 0.008613
33 0.432906 0.008296
34 0.406387 0.007900
35 0.410936 0.007700
36 0.383565 0.007258
37 0.387851 0.007241
38 0.369708 0.006965
39 0.362600 0.006762
40 0.350634 0.006498
41 0.343047 0.006238
42 0.331456 0.006027
43 0.311464 0.005703
44 0.311691 0.005732
45 0.292868 0.005445
46 0.288895 0.005384
47 0.283758 0.005191
48 0.271971 0.005025
49 0.267914 0.004902
50 0.244699 0.004659
51 0.254610 0.004623
52 0.239169 0.004502
53 0.234191 0.004370
54 0.221559 0.004234
55 0.214447 0.004032
56 0.210568 0.004013
57 0.204248 0.003920
58 0.188021 0.003681
59 0.190469 0.003701
60 0.180716 0.003553
61 0.172949 0.003451
62 0.163905 0.003349
63 0.157582 0.003205
64 0.153669 0.003163
65 0.151842 0.003081
66 0.143142 0.003019
67 0.139763 0.002912
68 0.132504 0.002813
69 0.127161 0.002756
70 0.124209 0.002707
71 0.115761 0.002585
72 0.111377 0.002499
73 0.106704 0.002424
74 0.109619 0.002469
75 0.099888 0.002312
76 0.092758 0.002222
77 0.089428 0.002169
78 0.084985 0.002109
79 0.082324 0.002052
80 0.079732 0.002022
81 0.074011 0.001920
82 0.068268 0.001815
83 0.068199 0.001827
84 0.063863 0.001775
85 0.060555 0.001705
86 0.059592 0.001693
87 0.054480 0.001587
88 0.050250 0.001520
89 0.050115 0.001501
90 0.044878 0.001414
91 0.041163 0.001352
92 0.039459 0.001311
93 0.038383 0.001292
94 0.037092 0.001248
95 0.032891 0.001169
96 0.030543 0.001122
97 0.030264 0.001105
98 0.027598 0.001054
99 0.026544 0.001019
100 0.023192 0.000931
101 0.023940 0.000947
102 0.020604 0.000881
103 0.019605 0.000845
104 0.020985 0.000894
105 0.017201 0.000761
106 0.018802 0.000806
107 0.016203 0.000749
108 0.017692 0.000793
109 0.016747 0.000765
110 0.015391 0.000716
111 0.015436 0.000723
112 0.014885 0.000710
113 0.015165 0.000733
114 0.014261 0.000696
115 0.015129 0.000720
116 0.015109 0.000732
117 0.014735 0.000713
118 0.015663 0.000727
119 0.013940 0.000686
120 0.015856 0.000743
121 0.015064 0.000722
122 0.014437 0.000694
123 0.013821 0.000678
124 0.014879 0.000711
125 0.014912 0.000721
126 0.014916 0.000701
127 0.014926 0.000715
128 0.014935 0.000718
129 0.014737 0.000698
130 0.014875 0.000702
131 0.015566 0.000710
132 0.015078 0.000722
133 0.015223 0.000716
134 0.015470 0.000730
135 0.014690 0.000694
136 0.014568 0.000688
137 0.014614 0.000697
138 0.014687 0.000680
139 0.014009 0.000673
140 0.014930 0.000702
141 0.014494 0.000692
142 0.014347 0.000685
143 0.014646 0.000687
144 0.015548 0.000718
145 0.015749 0.000731
146 0.013707 0.000662
147 0.014266 0.000675
148 0.014681 0.000696
149 0.015168 0.000712
150 0.015381 0.000710
151 0.013807 0.000669
152 0.013781 0.000666
153 0.013087 0.000660
154 0.013945 0.000685
155 0.012847 0.000627
156 0.014450 0.000677
157 0.014090 0.000674
158 0.011943 0.000616
159 0.013397 0.000674
160 0.012654 0.000637
161 0.012244 0.000628
162 0.011668 0.000600
163 0.013083 0.000655
164 0.011309 0.000610
165 0.011451 0.000605
166 0.010873 0.000580
167 0.011695 0.000614
168 0.011022 0.000594
169 0.010940 0.000592
170 0.010394 0.000573
171 0.010888 0.000600
172 0.011392 0.000611
173 0.010728 0.000605
174 0.009846 0.000562
175 0.009324 0.000551
176 0.009971 0.000572
177 0.010669 0.000606
178 0.008671 0.000519
179 0.009584 0.000569
180 0.009284 0.000561
181 0.008278 0.000535
182 0.007895 0.000501
183 0.009229 0.000568
184 0.009043 0.000560
185 0.007452 0.000505
186 0.008111 0.000533
187 0.007588 0.000504
188 0.006653 0.000475
189 0.006827 0.000482
190 0.006790 0.000485
191 0.005794 0.000444
192 0.006060 0.000452
193 0.006647 0.000502
194 0.005605 0.000460
195 0.005919 0.000483
196 0.006173 0.000496
197 0.004534 0.000386
198 0.005227 0.000436
199 0.004849 0.000421
200 0.004756 0.000442
201 0.003936 0.000376
202 0.003607 0.000368
203 0.003619 0.000383
204 0.003723 0.000376
205 0.003108 0.000359
206 0.003217 0.000349
207 0.002827 0.000332
208 0.002749 0.000329
209 0.002643 0.000342
210 0.002530 0.000325
211 0.002737 0.000364
212 0.003089 0.000390
213 0.001856 0.000287
214 0.001590 0.000233
215 0.001857 0.000311
216 0.001729 0.000278
217 0.001274 0.000241
218 0.001371 0.000251
219 0.001862 0.000304
220 0.001318 0.000243
221 0.001242 0.000274
222 0.001436 0.000293
223 0.000755 0.000199
224 0.000821 0.000192
225 0.001586 0.000339
226 0.000957 0.000230
227 0.001150 0.000293
228 0.000550 0.000159
229 0.000375 0.000132
230 0.000683 0.000195
231 0.000598 0.000223
232 0.000512 0.000162
233 0.000795 0.000219
234 0.000484 0.000178
235 0.000618 0.000186
236 0.000232 0.000116
237 0.000419 0.000216
238 0.000307 0.000137
239 0.000190 0.000110
240 0.000195 0.000112
241 0.000134 0.000095
242 0.000210 0.000121
243 0.000000 0.000000
244 0.000146 0.000103
245 0.000076 0.000076
246 0.000078 0.000078
247 0.000234 0.000135
248 0.000080 0.000080
249 0.000084 0.000084
250 0.000085 0.000085
251 0.000000 0.000000
252 0.000000 0.000000
253 0.000089 0.000089
254 0.000000 0.000000
255 0.000000 0.000000
256 0.000000 0.000000
257 0.000000 0.000000
258 0.000000 0.000000
259 0.000098 0.000098
