0 1.000000 nan
1 0.816327 0.122591
2 0.534653 0.069744
3 0.595349 0.050167
4 0.552448 0.039428
5 0.582192 0.034403
6 0.547862 0.032211
7 0.581056 0.031874
8 0.529887 0.028013
9 0.509231 0.026952
10 0.538593 0.027622
11 0.548435 0.025840
12 0.490489 0.024621
13 0.523112 0.023372
14 0.475118 0.023186
15 0.439746 0.020969
16 0.394366 0.019241
17 0.432605 0.019361
18 0.369850 0.017747
19 0.414333 0.017914
20 0.388216 0.017472
21 0.360956 0.016326
22 0.367737 0.015676
23 0.322105 0.014711
24 0.303769 0.014567
25 0.307435 0.013892
26 0.306369 0.013237
27 0.305780 0.013385
28 0.287493 0.012318
29 0.272180 0.012098
30 0.225948 0.010551
31 0.245491 0.010838
32 0.256086 0.010617
33 0.232625 0.010284
34 0.227484 0.009835
35 0.222274 0.009784
36 0.229346 0.009137
37 0.204886 0.008878
38 0.201583 0.008453
39 0.214717 0.008461
40 0.192150 0.007805
41 0.184786 0.007569
42 0.181957 0.007178
43 0.192010 0.007121
44 0.172829 0.006752
45 0.176136 0.006451
46 0.172683 0.006502
47 0.180290 0.006521
48 0.183206 0.006548
49 0.172389 0.006036
50 0.178098 0.006106
51 0.169557 0.005863
52 0.164997 0.005844
53 0.170257 0.005703
54 0.168877 0.005498
55 0.167436 0.005425
56 0.163748 0.005397
57 0.156635 0.005085
58 0.160594 0.005157
59 0.158256 0.004969
60 0.161203 0.005051
61 0.160013 0.004891
62 0.153656 0.004662
63 0.143843 0.004427
64 0.150030 0.004491
65 0.153342 0.004492
66 0.142676 0.004283
67 0.145220 0.004272
68 0.144709 0.004224
69 0.142137 0.004124
70 0.143671 0.004139
71 0.133627 0.003885
72 0.129730 0.003758
73 0.147479 0.003980
74 0.135878 0.003820
75 0.136048 0.003782
76 0.133639 0.003632
77 0.132598 0.003624
78 0.131664 0.003548
79 0.132606 0.003521
80 0.126967 0.003407
81 0.126293 0.003430
82 0.126412 0.003400
83 0.124750 0.003307
84 0.122300 0.003231
85 0.119154 0.003163
86 0.115674 0.003111
87 0.119094 0.003108
88 0.115391 0.003047
89 0.115951 0.002999
90 0.115604 0.002973
91 0.111883 0.002938
92 0.111802 0.002882
93 0.111948 0.002854
94 0.111241 0.002808
95 0.104582 0.002716
96 0.108528 0.002732
97 0.107798 0.002719
98 0.109572 0.002697
99 0.105166 0.002613
100 0.105575 0.002605
101 0.101411 0.002545
102 0.098765 0.002481
103 0.098752 0.002465
104 0.102023 0.002514
105 0.092831 0.002372
106 0.098426 0.002407
107 0.094630 0.002369
108 0.090338 0.002270
109 0.088449 0.002236
110 0.088672 0.002240
111 0.093516 0.002275
112 0.086882 0.002174
113 0.088659 0.002182
114 0.088152 0.002164
115 0.085374 0.002115
116 0.082209 0.002062
117 0.081029 0.002035
118 0.083791 0.002082
119 0.077351 0.001984
120 0.082209 0.002002
121 0.078636 0.001958
122 0.074504 0.001908
123 0.070961 0.001850
124 0.075046 0.001869
125 0.069324 0.001815
126 0.070295 0.001810
127 0.067703 0.001777
128 0.066302 0.001735
129 0.069508 0.001765
130 0.066527 0.001728
131 0.065644 0.001701
132 0.062820 0.001663
133 0.062081 0.001640
134 0.061542 0.001631
135 0.059118 0.001594
136 0.057977 0.001552
137 0.059600 0.001580
138 0.058751 0.001558
139 0.053867 0.001477
140 0.057795 0.001520
141 0.053586 0.001468
142 0.051617 0.001429
143 0.051861 0.001433
144 0.048988 0.001387
145 0.050532 0.001395
146 0.047533 0.001349
147 0.051007 0.001392
148 0.048089 0.001341
149 0.048367 0.001343
150 0.045000 0.001285
151 0.045552 0.001295
152 0.043539 0.001263
153 0.044180 0.001269
154 0.041352 0.001216
155 0.041077 0.001208
156 0.040950 0.001206
157 0.039499 0.001175
158 0.040227 0.001173
159 0.038382 0.001154
160 0.040125 0.001170
161 0.037076 0.001125
162 0.037679 0.001129
163 0.036131 0.001099
164 0.033373 0.001062
165 0.034022 0.001056
166 0.031549 0.001020
167 0.031383 0.001013
168 0.033089 0.001034
169 0.030052 0.000982
170 0.030938 0.000994
171 0.029774 0.000975
172 0.028906 0.000956
173 0.027375 0.000930
174 0.028018 0.000931
175 0.026137 0.000898
176 0.024614 0.000874
177 0.024629 0.000873
178 0.023777 0.000855
179 0.024733 0.000865
180 0.024491 0.000863
181 0.023908 0.000848
182 0.024698 0.000853
183 0.021884 0.000804
184 0.022870 0.000821
185 0.020723 0.000776
186 0.022543 0.000810
187 0.021337 0.000786
188 0.019326 0.000748
189 0.019450 0.000747
190 0.018993 0.000736
191 0.019018 0.000737
192 0.018686 0.000723
193 0.016555 0.000686
194 0.017515 0.000702
195 0.017055 0.000692
196 0.016266 0.000674
197 0.015220 0.000648
198 0.015010 0.000642
199 0.014856 0.000638
200 0.014638 0.000631
201 0.013717 0.000611
202 0.012963 0.000595
203 0.013502 0.000605
204 0.013235 0.000597
205 0.012213 0.000575
206 0.013023 0.000591
207 0.011888 0.000567
208 0.011342 0.000554
209 0.011330 0.000550
210 0.010554 0.000530
211 0.010889 0.000539
212 0.011380 0.000546
213 0.010048 0.000515
214 0.011848 0.000560
215 0.009780 0.000508
216 0.009732 0.000504
217 0.009504 0.000499
218 0.009006 0.000487
219 0.008736 0.000477
220 0.008650 0.000477
221 0.007267 0.000435
222 0.008192 0.000463
223 0.007986 0.000455
224 0.008062 0.000458
225 0.006725 0.000417
226 0.006415 0.000408
227 0.006639 0.000415
228 0.006281 0.000404
229 0.007004 0.000426
230 0.005973 0.000394
231 0.005750 0.000387
232 0.005062 0.000363
233 0.004313 0.000333
234 0.004333 0.000334
235 0.005195 0.000365
236 0.003983 0.000320
237 0.004696 0.000348
238 0.004331 0.000334
239 0.004347 0.000334
240 0.003949 0.000320
241 0.004313 0.000333
242 0.004440 0.000338
243 0.003155 0.000286
244 0.003461 0.000300
245 0.003156 0.000287
246 0.003016 0.000280
247 0.003216 0.000290
248 0.003273 0.000292
249 0.003122 0.000285
250 0.002602 0.000261
251 0.002703 0.000265
252 0.002618 0.000261
253 0.002873 0.000275
254 0.002815 0.000272
255 0.002571 0.000259
256 0.002669 0.000265
257 0.002518 0.000258
258 0.002017 0.000231
259 0.001936 0.000226
260 0.001966 0.000228
261 0.001888 0.000224
262 0.001706 0.000213
263 0.001875 0.000222
264 0.001663 0.000211
265 0.002189 0.000241
266 0.001569 0.000206
267 0.001870 0.000225
268 0.001490 0.000199
269 0.001368 0.000191
270 0.001284 0.000185
271 0.001302 0.000188
272 0.001304 0.000188
273 0.000998 0.000164
274 0.001055 0.000169
275 0.000950 0.000160
276 0.001196 0.000180
277 0.001076 0.000170
278 0.001184 0.000180
279 0.001015 0.000167
280 0.000915 0.000159
281 0.001070 0.000171
282 0.000555 0.000124
283 0.000863 0.000155
284 0.000699 0.000140
285 0.000614 0.000131
286 0.000669 0.000137
287 0.000469 0.000114
288 0.000947 0.000162
289 0.000727 0.000142
290 0.000565 0.000126
291 0.000503 0.000119
292 0.000644 0.000134
293 0.000429 0.000111
294 0.000539 0.000124
295 0.000562 0.000126
296 0.000509 0.000120
297 0.000681 0.000139
298 0.000660 0.000138
299 0.000708 0.000141
300 0.000630 0.000134
301 0.000545 0.000125
302 0.000664 0.000138
303 0.000462 0.000115
304 0.000554 0.000127
305 0.000556 0.000128
306 0.000408 0.000109
307 0.000553 0.000127
308 0.000324 0.000098
309 0.000475 0.000119
310 0.000359 0.000104
311 0.000444 0.000115
312 0.000266 0.000089
313 0.000299 0.000095
314 0.000448 0.000116
315 0.000210 0.000080
316 0.000425 0.000114
317 0.000239 0.000085
318 0.000245 0.000087
319 0.000275 0.000092
320 0.000306 0.000097
321 0.000308 0.000097
322 0.000216 0.000082
323 0.000281 0.000094
324 0.000248 0.000088
325 0.000125 0.000062
326 0.000125 0.000063
327 0.000351 0.000106
328 0.000254 0.000090
329 0.000223 0.000084
330 0.000160 0.000072
331 0.000130 0.000065
332 0.000324 0.000103
333 0.000098 0.000057
334 0.000230 0.000087
335 0.000099 0.000057
336 0.000066 0.000047
337 0.000066 0.000047
338 0.000034 0.000034
339 0.000100 0.000058
340 0.000067 0.000048
341 0.000034 0.000034
342 0.000136 0.000068
343 0.000035 0.000035
344 0.000035 0.000035
345 0.000070 0.000049
346 0.000035 0.000035
347 0.000035 0.000035
348 0.000036 0.000036
349 0.000000 0.000000
350 0.000000 0.000000
351 0.000036 0.000036
352 0.000000 0.000000
353 0.000000 0.000000
354 0.000000 0.000000
355 0.000038 0.000038
356 0.000000 0.000000
357 0.000000 0.000000
358 0.000000 0.000000
359 0.000000 0.000000
360 0.000000 0.000000
361 0.000000 0.000000
362 0.000041 0.000041
363 0.000040 0.000040
364 0.000041 0.000041
